//Balance file for Black and White 2		Last Saved,#2005-09-14 11:58:10#,"Matthew Wiggins"

//Platoon
PLATOON_INFO_AZTEC_MELEE_1	3	1.5	15	7	0.2	10	5	5.55	10	0.5	1.57	0	0	1	0.5	0.5	0	0	0.5	0.5	15	30	15	30	22.5	20	0	0	0	0.0001	50	100	1	20	20	20	20	20	5	3	30	0.0004	5	5	1	0	3	1	2	0	3	1	5	10	1	1.1	200	0.7	0.01	0.01	0	1	0.9	0.002	0.013	0	0	40	1	1	1	0.25	2	6	10	5.5	5	15	0.5	1	4	1	33	3	6	1	2.5	200	300	800	0.01
PLATOON_INFO_AZTEC_MELEE_2	3	1.5	16	7.555	0.2	10.555	5	6	10.555	0.5	1.57	0	0	1	0.55	0.55	0	0	0.5	0.5	15	30	15	30	22.5	19.5	0	0	0	0.0001	50	100	1	20	20	20	20	20	5	3	30	0.0004	5	5	1	0	3	1	2	0	3	1	10	10	1	1.1	200	0.7	0.01	0.01	0	1	0.95	0.0022	0.015	0	0	42	1	1	1	0.25	2	6	10	5.5	5	15	0.5	1	4	1	33	3	6	1	2.5	200	300	800	0.01
PLATOON_INFO_AZTEC_MELEE_3	3	1.5	17	8.11	0.2	11.11	5	6.45	11.11	0.5	1.57	0	0	1	0.6	0.6	0	0	0.5	0.5	15	30	15	30	22.5	19	0	0	0	0.0001	50	100	1	20	20	20	20	20	5	3	30	0.0004	5	5	1	0	3	1	2	0	3	1	15	10	1	1.1	200	0.7	0.01	0.01	0	1	1	0.0024	0.018	0	0	44	1	1	1	0.25	2	6	10	5.5	5	15	0.5	1	4	1	33	3	6	1	2.5	200	300	800	0.01
PLATOON_INFO_AZTEC_MELEE_4	3	1.5	18	8.665	0.2	11.665	5	6.9	11.665	0.5	1.57	0	0	1	0.65	0.65	0	0	0.5	0.5	15	30	15	30	22.5	18.5	0	0	0	0.0001	50	100	1	20	20	20	20	20	5	3	30	0.0004	5	5	1	0	3	1	2	0	3	1	25	10	1	1.1	200	0.7	0.01	0.01	0	1	1.05	0.0026	0.021	0	0	46	1	1	1	0.25	2	6	10	5.5	5	15	0.5	1	4	1	33	3	6	1	2.5	200	300	800	0.01
PLATOON_INFO_AZTEC_MELEE_5	3	1.5	19	9.22	0.2	12.22	5	7.35	12.22	0.5	1.57	0	0	1	0.7	0.7	0	0	0.5	0.5	15	30	15	30	22.5	18	0	0	0	0.0001	50	100	1	20	20	20	20	20	5	3	30	0.0004	5	5	1	0	3	1	2	0	3	1	35	10	1	1.1	200	0.7	0.01	0.01	0	1	1.1	0.0028	0.024	0	0	49	1	1	1	0.25	2	6	10	5.5	5	15	0.5	1	4	1	33	3	6	1	2.5	200	300	800	0.01
PLATOON_INFO_AZTEC_MELEE_6	3	1.5	20	9.775	0.2	12.775	5	7.8	12.775	0.5	1.57	0	0	1	0.75	0.75	0	0	0.5	0.5	15	30	15	30	22.5	17.5	0	0	0	0.0001	50	100	1	20	20	20	20	20	5	3	30	0.0004	5	5	1	0	3	1	2	0	3	1	45	10	1	1.1	200	0.7	0.01	0.01	0	1	1.15	0.003	0.027	0	0	52	1	1	1	0.25	2	6	10	5.5	5	15	0.5	1	4	1	33	3	6	1	2.5	200	300	800	0.01
PLATOON_INFO_AZTEC_MELEE_7	3	1.5	21	10.33	0.2	13.33	5	8.25	13.33	0.5	1.57	0	0	1	0.8	0.8	0	0	0.5	0.5	15	30	15	30	22.5	17	0	0	0	0.0001	50	100	1	20	20	20	20	20	5	3	30	0.0004	5	5	1	0	3	1	2	0	3	1	60	10	1	1.1	200	0.7	0.01	0.01	0	1	1.2	0.0032	0.03	0	0	55	1	1	1	0.25	2	6	10	5.5	5	15	0.5	1	4	1	33	3	6	1	2.5	200	300	800	0.01
PLATOON_INFO_AZTEC_MELEE_8	3	1.5	22	10.885	0.2	13.885	5	8.7	13.885	0.5	1.57	0	0	1	0.85	0.85	0	0	0.5	0.5	15	30	15	30	22.5	16.5	0	0	0	0.0001	50	100	1	20	20	20	20	20	5	3	30	0.0004	5	5	1	0	3	1	2	0	3	1	75	10	1	1.1	200	0.7	0.01	0.01	0	1	1.25	0.0042	0.033	0	0	59	1	1	1	0.25	2	6	10	5.5	5	15	0.5	1	4	1	33	3	6	1	2.5	200	300	800	0.01
PLATOON_INFO_AZTEC_MELEE_9	3	1.5	23	11.44	0.2	14.44	5	9.15	14.44	0.5	1.57	0	0	1	0.9	0.9	0	0	0.5	0.5	15	30	15	30	22.5	16	0	0	0	0.0001	50	100	1	20	20	20	20	20	5	3	30	0.0004	5	5	1	0	3	1	2	0	3	1	90	10	1	1.1	200	0.7	0.01	0.01	0	1	1.3	0.0052	0.036	0	0	64	1	1	1	0.25	2	6	10	5.5	5	15	0.5	1	4	1	33	3	6	1	2.5	200	300	800	0.01
PLATOON_INFO_AZTEC_MELEE_10	3	1.5	24	11.995	0.2	14.995	5	9.6	14.995	0.5	1.57	0	0	1	0.95	0.95	0	0	0.5	0.5	15	30	15	30	22.5	15.5	0	0	0	0.0001	50	100	1	20	20	20	20	20	5	3	30	0.0004	5	5	1	0	3	1	2	0	3	1	105	10	1	1.1	200	0.7	0.01	0.01	0	1	1.35	0.0066	0.04	0	0	70	1	1	1	0.25	2	6	10	5.5	5	15	0.5	1	4	1	33	3	6	1	2.5	200	300	800	0.01
PLATOON_INFO_AZTEC_RANGED_1	3	1.5	15	7	0.2	10	5	5.55	10	0.5	1.57	0	0	1	0.1	0.1	0	1	0.5	0.5	60	70	20	70	80	40	22	0	0	0.0001	10	100	1	20	20	20	20	20	5	3	30	0.0004	5	5	1	0	3	1	2	0	3	1	10	10	1	1.1	200	0.7	0.01	0.01	0	0.5	0.9	0.004	0.006	0.35	0	40	1	1	1	0.25	2	6	10	5.5	5	15	0.5	1	4	1	33	3	6	1	2.5	200	300	800	0.01
PLATOON_INFO_AZTEC_RANGED_2	3	1.5	16	7.555	0.2	10.555	5	6	10.555	0.5	1.57	0	0	1	0.1	0.1	0	1	0.5	0.5	60	70	20	70	100	39.5	21.5	0	0	0.0001	10	100	1	20	20	20	20	20	5	3	30	0.0004	5	5	1	0	3	1	2	0	3	1	20	10	1	1.1	200	0.7	0.01	0.01	0	0.5	0.95	0.0044	0.008	0.37	0	42	1	1	1	0.25	2	6	10	5.5	5	15	0.5	1	4	1	33	3	6	1	2.5	200	300	800	0.01
PLATOON_INFO_AZTEC_RANGED_3	3	1.5	17	8.11	0.2	11.11	5	6.45	11.11	0.5	1.57	0	0	1	0.1	0.1	0	1	0.5	0.5	60	70	20	70	100	39	21	0	0	0.0001	10	100	1	20	20	20	20	20	5	3	30	0.0004	5	5	1	0	3	1	2	0	3	1	30	10	1	1.1	200	0.7	0.01	0.01	0	0.5	1	0.0048	0.01	0.39	0	44	1	1	1	0.25	2	6	10	5.5	5	15	0.5	1	4	1	33	3	6	1	2.5	200	300	800	0.01
PLATOON_INFO_AZTEC_RANGED_4	3	1.5	18	8.665	0.2	11.665	5	6.9	11.665	0.5	1.57	0	0	1	0.1	0.1	0	1	0.5	0.5	60	70	20	70	100	38.5	20.5	0	0	0.0001	10	100	1	20	20	20	20	20	5	3	30	0.0004	5	5	1	0	3	1	2	0	3	1	45	10	1	1.1	200	0.7	0.01	0.01	1	0.5	1.05	0.0052	0.012	0.42	0	46	1	1	1	0.25	2	6	10	5.5	5	15	0.5	1	4	1	33	3	6	1	2.5	200	300	800	0.01
PLATOON_INFO_AZTEC_RANGED_5	3	1.5	19	9.22	0.2	12.22	5	7.35	12.22	0.5	1.57	0	0	1	0.1	0.1	0	1	0.5	0.5	60	70	20	70	100	38	20	0	0	0.0001	10	100	1	20	20	20	20	20	5	3	30	0.0004	5	5	1	0	3	1	2	0	3	1	60	10	1	1.1	200	0.7	0.01	0.01	1	0.5	1.1	0.0056	0.014	0.45	0	49	1	1	1	0.25	2	6	10	5.5	5	15	0.5	1	4	1	33	3	6	1	2.5	200	300	800	0.01
PLATOON_INFO_AZTEC_RANGED_6	3	1.5	20	9.775	0.2	12.775	5	7.8	12.775	0.5	1.57	0	0	1	0.1	0.1	0	1	0.5	0.5	60	70	20	70	100	37.5	19.5	0	0	0.0001	10	100	1	20	20	20	20	20	5	3	30	0.0004	5	5	1	0	3	1	2	0	3	1	80	10	1	1.1	200	0.7	0.01	0.01	1	0.5	1.15	0.006	0.016	0.48	0	52	1	1	1	0.25	2	6	10	5.5	5	15	0.5	1	4	1	33	3	6	1	2.5	200	300	800	0.01
PLATOON_INFO_AZTEC_RANGED_7	3	1.5	21	10.33	0.2	13.33	5	8.25	13.33	0.5	1.57	0	0	1	0.1	0.1	0	1	0.5	0.5	60	70	20	70	100	37	19	0	0	0.0001	10	100	1	20	20	20	20	20	5	3	30	0.0004	5	5	1	0	3	1	2	0	3	1	100	10	1	1.1	200	0.7	0.01	0.01	1	0.5	1.2	0.0064	0.018	0.51	0	55	1	1	1	0.25	2	6	10	5.5	5	15	0.5	1	4	1	33	3	6	1	2.5	200	300	800	0.01
PLATOON_INFO_AZTEC_RANGED_8	3	1.5	22	10.885	0.2	13.885	5	8.7	13.885	0.5	1.57	0	0	1	0.1	0.1	0	1	0.5	0.5	60	70	20	70	100	36.5	18.5	0	0	0.0001	10	100	1	20	20	20	20	20	5	3	30	0.0004	5	5	1	0	3	1	2	0	3	1	130	10	1	1.1	200	0.7	0.01	0.01	1	0.5	1.25	0.0084	0.02	0.54	0	59	1	1	1	0.25	2	6	10	5.5	5	15	0.5	1	4	1	33	3	6	1	2.5	200	300	800	0.01
PLATOON_INFO_AZTEC_RANGED_9	3	1.5	23	11.44	0.2	14.44	5	9.15	14.44	0.5	1.57	0	0	1	0.1	0.1	0	1	0.5	0.5	60	70	20	70	100	36	18	0	0	0.0001	10	100	1	20	20	20	20	20	5	3	30	0.0004	5	5	1	0	3	1	2	0	3	1	170	10	1	1.1	200	0.7	0.01	0.01	1	0.5	1.3	0.0104	0.022	0.58	0	64	1	1	1	0.25	2	6	10	5.5	5	15	0.5	1	4	1	33	3	6	1	2.5	200	300	800	0.01
PLATOON_INFO_AZTEC_RANGED_10	3	1.5	24	11.995	0.2	14.995	5	9.6	14.995	0.5	1.57	0	0	1	0.1	0.1	0	1	0.5	0.5	60	70	20	70	120	35.5	17.5	0	0	0.0001	10	100	1	20	20	20	20	20	5	3	30	0.0004	5	5	1	0	3	1	2	0	3	1	220	10	1	1.1	200	0.7	0.01	0.01	1	0.5	1.35	0.0132	0.025	0.65	0	70	1	1	1	0.25	2	6	10	5.5	5	15	0.5	1	4	1	33	3	6	1	2.5	200	300	800	0.01
PLATOON_INFO_JAPANESE_MELEE_1	3	1.5	15	7	0.2	10	5	5.55	10	0.5	1.57	0	0	1	0.5	0.5	0	0	0.5	0.5	15	30	15	30	22.5	20	0	0	0	0.0001	50	100	1	20	20	20	20	20	5	3	30	0.0004	5	5	1	0	3	1	2	0	3	1	5	10	1	1.1	200	0.7	0.01	0.01	0	1	0.9	0.002	0.013	0	0	40	1	1	1	0.25	2	6	10	5.5	5	15	0.5	1	4	1	33	3	6	1	2.5	200	300	800	0.01
PLATOON_INFO_JAPANESE_MELEE_2	3	1.5	16	7.555	0.2	10.555	5	6	10.555	0.5	1.57	0	0	1	0.55	0.55	0	0	0.5	0.5	15	30	15	30	22.5	19.5	0	0	0	0.0001	50	100	1	20	20	20	20	20	5	3	30	0.0004	5	5	1	0	3	1	2	0	3	1	10	10	1	1.1	200	0.7	0.01	0.01	0	1	0.95	0.0022	0.015	0	0	42	1	1	1	0.25	2	6	10	5.5	5	15	0.5	1	4	1	33	3	6	1	2.5	200	300	800	0.01
PLATOON_INFO_JAPANESE_MELEE_3	3	1.5	17	8.11	0.2	11.11	5	6.45	11.11	0.5	1.57	0	0	1	0.6	0.6	0	0	0.5	0.5	15	30	15	30	22.5	19	0	0	0	0.0001	50	100	1	20	20	20	20	20	5	3	30	0.0004	5	5	1	0	3	1	2	0	3	1	15	10	1	1.1	200	0.7	0.01	0.01	0	1	1	0.0024	0.018	0	0	44	1	1	1	0.25	2	6	10	5.5	5	15	0.5	1	4	1	33	3	6	1	2.5	200	300	800	0.01
PLATOON_INFO_JAPANESE_MELEE_4	3	1.5	18	8.665	0.2	11.665	5	6.9	11.665	0.5	1.57	0	0	1	0.65	0.65	0	0	0.5	0.5	15	30	15	30	22.5	18.5	0	0	0	0.0001	50	100	1	20	20	20	20	20	5	3	30	0.0004	5	5	1	0	3	1	2	0	3	1	25	10	1	1.1	200	0.7	0.01	0.01	0	1	1.05	0.0026	0.021	0	0	46	1	1	1	0.25	2	6	10	5.5	5	15	0.5	1	4	1	33	3	6	1	2.5	200	300	800	0.01
PLATOON_INFO_JAPANESE_MELEE_5	3	1.5	19	9.22	0.2	12.22	5	7.35	12.22	0.5	1.57	0	0	1	0.7	0.7	0	0	0.5	0.5	15	30	15	30	22.5	18	0	0	0	0.0001	50	100	1	20	20	20	20	20	5	3	30	0.0004	5	5	1	0	3	1	2	0	3	1	35	10	1	1.1	200	0.7	0.01	0.01	0	1	1.1	0.0028	0.024	0	0	49	1	1	1	0.25	2	6	10	5.5	5	15	0.5	1	4	1	33	3	6	1	2.5	200	300	800	0.01
PLATOON_INFO_JAPANESE_MELEE_6	3	1.5	20	9.775	0.2	12.775	5	7.8	12.775	0.5	1.57	0	0	1	0.75	0.75	0	0	0.5	0.5	15	30	15	30	22.5	17.5	0	0	0	0.0001	50	100	1	20	20	20	20	20	5	3	30	0.0004	5	5	1	0	3	1	2	0	3	1	45	10	1	1.1	200	0.7	0.01	0.01	0	1	1.15	0.003	0.027	0	0	52	1	1	1	0.25	2	6	10	5.5	5	15	0.5	1	4	1	33	3	6	1	2.5	200	300	800	0.01
PLATOON_INFO_JAPANESE_MELEE_7	3	1.5	21	10.33	0.2	13.33	5	8.25	13.33	0.5	1.57	0	0	1	0.8	0.8	0	0	0.5	0.5	15	30	15	30	22.5	17	0	0	0	0.0001	50	100	1	20	20	20	20	20	5	3	30	0.0004	5	5	1	0	3	1	2	0	3	1	60	10	1	1.1	200	0.7	0.01	0.01	0	1	1.2	0.0032	0.03	0	0	55	1	1	1	0.25	2	6	10	5.5	5	15	0.5	1	4	1	33	3	6	1	2.5	200	300	800	0.01
PLATOON_INFO_JAPANESE_MELEE_8	3	1.5	22	10.885	0.2	13.885	5	8.7	13.885	0.5	1.57	0	0	1	0.85	0.85	0	0	0.5	0.5	15	30	15	30	22.5	16.5	0	0	0	0.0001	50	100	1	20	20	20	20	20	5	3	30	0.0004	5	5	1	0	3	1	2	0	3	1	75	10	1	1.1	200	0.7	0.01	0.01	0	1	1.25	0.0042	0.033	0	0	59	1	1	1	0.25	2	6	10	5.5	5	15	0.5	1	4	1	33	3	6	1	2.5	200	300	800	0.01
PLATOON_INFO_JAPANESE_MELEE_9	3	1.5	23	11.44	0.2	14.44	5	9.15	14.44	0.5	1.57	0	0	1	0.9	0.9	0	0	0.5	0.5	15	30	15	30	22.5	16	0	0	0	0.0001	50	100	1	20	20	20	20	20	5	3	30	0.0004	5	5	1	0	3	1	2	0	3	1	90	10	1	1.1	200	0.7	0.01	0.01	0	1	1.3	0.0052	0.036	0	0	64	1	1	1	0.25	2	6	10	5.5	5	15	0.5	1	4	1	33	3	6	1	2.5	200	300	800	0.01
PLATOON_INFO_JAPANESE_MELEE_10	3	1.5	24	11.995	0.2	14.995	5	9.6	14.995	0.5	1.57	0	0	1	0.95	0.95	0	0	0.5	0.5	15	30	15	30	22.5	15.5	0	0	0	0.0001	50	100	1	20	20	20	20	20	5	3	30	0.0004	5	5	1	0	3	1	2	0	3	1	105	10	1	1.1	200	0.7	0.01	0.01	0	1	1.35	0.0066	0.04	0	0	70	1	1	1	0.25	2	6	10	5.5	5	15	0.5	1	4	1	33	3	6	1	2.5	200	300	800	0.01
PLATOON_INFO_JAPANESE_RANGED_1	3	1.5	15	7	0.2	10	5	5.55	10	0.5	1.57	0	0	1	0.1	0.1	0	1	0.5	0.5	60	70	20	70	80	40	22	0	0	0.0001	10	100	1	20	20	20	20	20	5	3	30	0.0004	5	5	1	0	3	1	2	0	3	1	10	10	1	1.1	200	0.7	0.01	0.01	0	0.5	0.9	0.004	0.006	0.35	0	40	1	1	1	0.25	2	6	10	5.5	5	15	0.5	1	4	1	33	3	6	1	2.5	200	300	800	0.01
PLATOON_INFO_JAPANESE_RANGED_2	3	1.5	16	7.555	0.2	10.555	5	6	10.555	0.5	1.57	0	0	1	0.1	0.1	0	1	0.5	0.5	60	70	20	70	100	39.5	21.5	0	0	0.0001	10	100	1	20	20	20	20	20	5	3	30	0.0004	5	5	1	0	3	1	2	0	3	1	20	10	1	1.1	200	0.7	0.01	0.01	0	0.5	0.95	0.0044	0.008	0.37	0	42	1	1	1	0.25	2	6	10	5.5	5	15	0.5	1	4	1	33	3	6	1	2.5	200	300	800	0.01
PLATOON_INFO_JAPANESE_RANGED_3	3	1.5	17	8.11	0.2	11.11	5	6.45	11.11	0.5	1.57	0	0	1	0.1	0.1	0	1	0.5	0.5	60	70	20	70	100	39	21	0	0	0.0001	10	100	1	20	20	20	20	20	5	3	30	0.0004	5	5	1	0	3	1	2	0	3	1	30	10	1	1.1	200	0.7	0.01	0.01	0	0.5	1	0.0048	0.01	0.39	0	44	1	1	1	0.25	2	6	10	5.5	5	15	0.5	1	4	1	33	3	6	1	2.5	200	300	800	0.01
PLATOON_INFO_JAPANESE_RANGED_4	3	1.5	18	8.665	0.2	11.665	5	6.9	11.665	0.5	1.57	0	0	1	0.1	0.1	0	1	0.5	0.5	60	70	20	70	100	38.5	20.5	0	0	0.0001	10	100	1	20	20	20	20	20	5	3	30	0.0004	5	5	1	0	3	1	2	0	3	1	45	10	1	1.1	200	0.7	0.01	0.01	1	0.5	1.05	0.0052	0.012	0.42	0	46	1	1	1	0.25	2	6	10	5.5	5	15	0.5	1	4	1	33	3	6	1	2.5	200	300	800	0.01
PLATOON_INFO_JAPANESE_RANGED_5	3	1.5	19	9.22	0.2	12.22	5	7.35	12.22	0.5	1.57	0	0	1	0.1	0.1	0	1	0.5	0.5	60	70	20	70	100	38	20	0	0	0.0001	10	100	1	20	20	20	20	20	5	3	30	0.0004	5	5	1	0	3	1	2	0	3	1	60	10	1	1.1	200	0.7	0.01	0.01	1	0.5	1.1	0.0056	0.014	0.45	0	49	1	1	1	0.25	2	6	10	5.5	5	15	0.5	1	4	1	33	3	6	1	2.5	200	300	800	0.01
PLATOON_INFO_JAPANESE_RANGED_6	3	1.5	20	9.775	0.2	12.775	5	7.8	12.775	0.5	1.57	0	0	1	0.1	0.1	0	1	0.5	0.5	60	70	20	70	100	37.5	19.5	0	0	0.0001	10	100	1	20	20	20	20	20	5	3	30	0.0004	5	5	1	0	3	1	2	0	3	1	80	10	1	1.1	200	0.7	0.01	0.01	1	0.5	1.15	0.006	0.016	0.48	0	52	1	1	1	0.25	2	6	10	5.5	5	15	0.5	1	4	1	33	3	6	1	2.5	200	300	800	0.01
PLATOON_INFO_JAPANESE_RANGED_7	3	1.5	21	10.33	0.2	13.33	5	8.25	13.33	0.5	1.57	0	0	1	0.1	0.1	0	1	0.5	0.5	60	70	20	70	100	37	19	0	0	0.0001	10	100	1	20	20	20	20	20	5	3	30	0.0004	5	5	1	0	3	1	2	0	3	1	100	10	1	1.1	200	0.7	0.01	0.01	1	0.5	1.2	0.0064	0.018	0.51	0	55	1	1	1	0.25	2	6	10	5.5	5	15	0.5	1	4	1	33	3	6	1	2.5	200	300	800	0.01
PLATOON_INFO_JAPANESE_RANGED_8	3	1.5	22	10.885	0.2	13.885	5	8.7	13.885	0.5	1.57	0	0	1	0.1	0.1	0	1	0.5	0.5	60	70	20	70	100	36.5	18.5	0	0	0.0001	10	100	1	20	20	20	20	20	5	3	30	0.0004	5	5	1	0	3	1	2	0	3	1	130	10	1	1.1	200	0.7	0.01	0.01	1	0.5	1.25	0.0084	0.02	0.54	0	59	1	1	1	0.25	2	6	10	5.5	5	15	0.5	1	4	1	33	3	6	1	2.5	200	300	800	0.01
PLATOON_INFO_JAPANESE_RANGED_9	3	1.5	23	11.44	0.2	14.44	5	9.15	14.44	0.5	1.57	0	0	1	0.1	0.1	0	1	0.5	0.5	60	70	20	70	100	36	18	0	0	0.0001	10	100	1	20	20	20	20	20	5	3	30	0.0004	5	5	1	0	3	1	2	0	3	1	170	10	1	1.1	200	0.7	0.01	0.01	1	0.5	1.3	0.0104	0.022	0.58	0	64	1	1	1	0.25	2	6	10	5.5	5	15	0.5	1	4	1	33	3	6	1	2.5	200	300	800	0.01
PLATOON_INFO_JAPANESE_RANGED_10	3	1.5	24	11.995	0.2	14.995	5	9.6	14.995	0.5	1.57	0	0	1	0.1	0.1	0	1	0.5	0.5	60	70	20	70	120	35.5	17.5	0	0	0.0001	10	100	1	20	20	20	20	20	5	3	30	0.0004	5	5	1	0	3	1	2	0	3	1	220	10	1	1.1	200	0.7	0.01	0.01	1	0.5	1.35	0.0132	0.025	0.65	0	70	1	1	1	0.25	2	6	10	5.5	5	15	0.5	1	4	1	33	3	6	1	2.5	200	300	800	0.01
PLATOON_INFO_EGYPTIAN_MELEE_1	3	1.5	15	7	0.2	10	5	5.55	10	0.5	1.57	0	0	1	0.5	0.5	0	0	0.5	0.5	15	30	15	30	22.5	20	0	0	0	0.0001	50	100	1	20	20	20	20	20	5	3	30	0.0004	5	5	1	0	3	1	2	0	3	1	5	10	1	1.1	200	0.7	0.01	0.01	0	1	0.9	0.002	0.013	0	0	40	1	1	1	0.25	2	6	10	5.5	5	15	0.5	1	4	1	33	3	6	1	2.5	200	300	800	0.01
PLATOON_INFO_EGYPTIAN_MELEE_2	3	1.5	16	7.555	0.2	10.555	5	6	10.555	0.5	1.57	0	0	1	0.55	0.55	0	0	0.5	0.5	15	30	15	30	22.5	19.5	0	0	0	0.0001	50	100	1	20	20	20	20	20	5	3	30	0.0004	5	5	1	0	3	1	2	0	3	1	10	10	1	1.1	200	0.7	0.01	0.01	0	1	0.95	0.0022	0.015	0	0	42	1	1	1	0.25	2	6	10	5.5	5	15	0.5	1	4	1	33	3	6	1	2.5	200	300	800	0.01
PLATOON_INFO_EGYPTIAN_MELEE_3	3	1.5	17	8.11	0.2	11.11	5	6.45	11.11	0.5	1.57	0	0	1	0.6	0.6	0	0	0.5	0.5	15	30	15	30	22.5	19	0	0	0	0.0001	50	100	1	20	20	20	20	20	5	3	30	0.0004	5	5	1	0	3	1	2	0	3	1	15	10	1	1.1	200	0.7	0.01	0.01	0	1	1	0.0024	0.018	0	0	44	1	1	1	0.25	2	6	10	5.5	5	15	0.5	1	4	1	33	3	6	1	2.5	200	300	800	0.01
PLATOON_INFO_EGYPTIAN_MELEE_4	3	1.5	18	8.665	0.2	11.665	5	6.9	11.665	0.5	1.57	0	0	1	0.65	0.65	0	0	0.5	0.5	15	30	15	30	22.5	18.5	0	0	0	0.0001	50	100	1	20	20	20	20	20	5	3	30	0.0004	5	5	1	0	3	1	2	0	3	1	25	10	1	1.1	200	0.7	0.01	0.01	0	1	1.05	0.0026	0.021	0	0	46	1	1	1	0.25	2	6	10	5.5	5	15	0.5	1	4	1	33	3	6	1	2.5	200	300	800	0.01
PLATOON_INFO_EGYPTIAN_MELEE_5	3	1.5	19	9.22	0.2	12.22	5	7.35	12.22	0.5	1.57	0	0	1	0.7	0.7	0	0	0.5	0.5	15	30	15	30	22.5	18	0	0	0	0.0001	50	100	1	20	20	20	20	20	5	3	30	0.0004	5	5	1	0	3	1	2	0	3	1	35	10	1	1.1	200	0.7	0.01	0.01	0	1	1.1	0.0028	0.024	0	0	49	1	1	1	0.25	2	6	10	5.5	5	15	0.5	1	4	1	33	3	6	1	2.5	200	300	800	0.01
PLATOON_INFO_EGYPTIAN_MELEE_6	3	1.5	20	9.775	0.2	12.775	5	7.8	12.775	0.5	1.57	0	0	1	0.75	0.75	0	0	0.5	0.5	15	30	15	30	22.5	17.5	0	0	0	0.0001	50	100	1	20	20	20	20	20	5	3	30	0.0004	5	5	1	0	3	1	2	0	3	1	45	10	1	1.1	200	0.7	0.01	0.01	0	1	1.15	0.003	0.027	0	0	52	1	1	1	0.25	2	6	10	5.5	5	15	0.5	1	4	1	33	3	6	1	2.5	200	300	800	0.01
PLATOON_INFO_EGYPTIAN_MELEE_7	3	1.5	21	10.33	0.2	13.33	5	8.25	13.33	0.5	1.57	0	0	1	0.8	0.8	0	0	0.5	0.5	15	30	15	30	22.5	17	0	0	0	0.0001	50	100	1	20	20	20	20	20	5	3	30	0.0004	5	5	1	0	3	1	2	0	3	1	60	10	1	1.1	200	0.7	0.01	0.01	0	1	1.2	0.0032	0.03	0	0	55	1	1	1	0.25	2	6	10	5.5	5	15	0.5	1	4	1	33	3	6	1	2.5	200	300	800	0.01
PLATOON_INFO_EGYPTIAN_MELEE_8	3	1.5	22	10.885	0.2	13.885	5	8.7	13.885	0.5	1.57	0	0	1	0.85	0.85	0	0	0.5	0.5	15	30	15	30	22.5	16.5	0	0	0	0.0001	50	100	1	20	20	20	20	20	5	3	30	0.0004	5	5	1	0	3	1	2	0	3	1	75	10	1	1.1	200	0.7	0.01	0.01	0	1	1.25	0.0042	0.033	0	0	59	1	1	1	0.25	2	6	10	5.5	5	15	0.5	1	4	1	33	3	6	1	2.5	200	300	800	0.01
PLATOON_INFO_EGYPTIAN_MELEE_9	3	1.5	23	11.44	0.2	14.44	5	9.15	14.44	0.5	1.57	0	0	1	0.9	0.9	0	0	0.5	0.5	15	30	15	30	22.5	16	0	0	0	0.0001	50	100	1	20	20	20	20	20	5	3	30	0.0004	5	5	1	0	3	1	2	0	3	1	90	10	1	1.1	200	0.7	0.01	0.01	0	1	1.3	0.0052	0.036	0	0	64	1	1	1	0.25	2	6	10	5.5	5	15	0.5	1	4	1	33	3	6	1	2.5	200	300	800	0.01
PLATOON_INFO_EGYPTIAN_MELEE_10	3	1.5	24	11.995	0.2	14.995	5	9.6	14.995	0.5	1.57	0	0	1	0.95	0.95	0	0	0.5	0.5	15	30	15	30	22.5	15.5	0	0	0	0.0001	50	100	1	20	20	20	20	20	5	3	30	0.0004	5	5	1	0	3	1	2	0	3	1	105	10	1	1.1	200	0.7	0.01	0.01	0	1	1.35	0.0066	0.04	0	0	70	1	1	1	0.25	2	6	10	5.5	5	15	0.5	1	4	1	33	3	6	1	2.5	200	300	800	0.01
PLATOON_INFO_EGYPTIAN_RANGED_1	3	1.5	15	7	0.2	10	5	5.55	10	0.5	1.57	0	0	1	0.1	0.1	0	1	0.5	0.5	60	70	20	70	80	40	22	0	0	0.0001	10	100	1	20	20	20	20	20	5	3	30	0.0004	5	5	1	0	3	1	2	0	3	1	10	10	1	1.1	200	0.7	0.01	0.01	0	0.5	0.9	0.004	0.006	0.35	0	40	1	1	1	0.25	2	6	10	5.5	5	15	0.5	1	4	1	33	3	6	1	2.5	200	300	800	0.01
PLATOON_INFO_EGYPTIAN_RANGED_2	3	1.5	16	7.555	0.2	10.555	5	6	10.555	0.5	1.57	0	0	1	0.1	0.1	0	1	0.5	0.5	60	70	20	70	100	39.5	21.5	0	0	0.0001	10	100	1	20	20	20	20	20	5	3	30	0.0004	5	5	1	0	3	1	2	0	3	1	20	10	1	1.1	200	0.7	0.01	0.01	0	0.5	0.95	0.0044	0.008	0.37	0	42	1	1	1	0.25	2	6	10	5.5	5	15	0.5	1	4	1	33	3	6	1	2.5	200	300	800	0.01
PLATOON_INFO_EGYPTIAN_RANGED_3	3	1.5	17	8.11	0.2	11.11	5	6.45	11.11	0.5	1.57	0	0	1	0.1	0.1	0	1	0.5	0.5	60	70	20	70	100	39	21	0	0	0.0001	10	100	1	20	20	20	20	20	5	3	30	0.0004	5	5	1	0	3	1	2	0	3	1	30	10	1	1.1	200	0.7	0.01	0.01	0	0.5	1	0.0048	0.01	0.39	0	44	1	1	1	0.25	2	6	10	5.5	5	15	0.5	1	4	1	33	3	6	1	2.5	200	300	800	0.01
PLATOON_INFO_EGYPTIAN_RANGED_4	3	1.5	18	8.665	0.2	11.665	5	6.9	11.665	0.5	1.57	0	0	1	0.1	0.1	0	1	0.5	0.5	60	70	20	70	100	38.5	20.5	0	0	0.0001	10	100	1	20	20	20	20	20	5	3	30	0.0004	5	5	1	0	3	1	2	0	3	1	45	10	1	1.1	200	0.7	0.01	0.01	1	0.5	1.05	0.0052	0.012	0.42	0	46	1	1	1	0.25	2	6	10	5.5	5	15	0.5	1	4	1	33	3	6	1	2.5	200	300	800	0.01
PLATOON_INFO_EGYPTIAN_RANGED_5	3	1.5	19	9.22	0.2	12.22	5	7.35	12.22	0.5	1.57	0	0	1	0.1	0.1	0	1	0.5	0.5	60	70	20	70	100	38	20	0	0	0.0001	10	100	1	20	20	20	20	20	5	3	30	0.0004	5	5	1	0	3	1	2	0	3	1	60	10	1	1.1	200	0.7	0.01	0.01	1	0.5	1.1	0.0056	0.014	0.45	0	49	1	1	1	0.25	2	6	10	5.5	5	15	0.5	1	4	1	33	3	6	1	2.5	200	300	800	0.01
PLATOON_INFO_EGYPTIAN_RANGED_6	3	1.5	20	9.775	0.2	12.775	5	7.8	12.775	0.5	1.57	0	0	1	0.1	0.1	0	1	0.5	0.5	60	70	20	70	100	37.5	19.5	0	0	0.0001	10	100	1	20	20	20	20	20	5	3	30	0.0004	5	5	1	0	3	1	2	0	3	1	80	10	1	1.1	200	0.7	0.01	0.01	1	0.5	1.15	0.006	0.016	0.48	0	52	1	1	1	0.25	2	6	10	5.5	5	15	0.5	1	4	1	33	3	6	1	2.5	200	300	800	0.01
PLATOON_INFO_EGYPTIAN_RANGED_7	3	1.5	21	10.33	0.2	13.33	5	8.25	13.33	0.5	1.57	0	0	1	0.1	0.1	0	1	0.5	0.5	60	70	20	70	100	37	19	0	0	0.0001	10	100	1	20	20	20	20	20	5	3	30	0.0004	5	5	1	0	3	1	2	0	3	1	100	10	1	1.1	200	0.7	0.01	0.01	1	0.5	1.2	0.0064	0.018	0.51	0	55	1	1	1	0.25	2	6	10	5.5	5	15	0.5	1	4	1	33	3	6	1	2.5	200	300	800	0.01
PLATOON_INFO_EGYPTIAN_RANGED_8	3	1.5	22	10.885	0.2	13.885	5	8.7	13.885	0.5	1.57	0	0	1	0.1	0.1	0	1	0.5	0.5	60	70	20	70	100	36.5	18.5	0	0	0.0001	10	100	1	20	20	20	20	20	5	3	30	0.0004	5	5	1	0	3	1	2	0	3	1	130	10	1	1.1	200	0.7	0.01	0.01	1	0.5	1.25	0.0084	0.02	0.54	0	59	1	1	1	0.25	2	6	10	5.5	5	15	0.5	1	4	1	33	3	6	1	2.5	200	300	800	0.01
PLATOON_INFO_EGYPTIAN_RANGED_9	3	1.5	23	11.44	0.2	14.44	5	9.15	14.44	0.5	1.57	0	0	1	0.1	0.1	0	1	0.5	0.5	60	70	20	70	100	36	18	0	0	0.0001	10	100	1	20	20	20	20	20	5	3	30	0.0004	5	5	1	0	3	1	2	0	3	1	170	10	1	1.1	200	0.7	0.01	0.01	1	0.5	1.3	0.0104	0.022	0.58	0	64	1	1	1	0.25	2	6	10	5.5	5	15	0.5	1	4	1	33	3	6	1	2.5	200	300	800	0.01
PLATOON_INFO_EGYPTIAN_RANGED_10	3	1.5	24	11.995	0.2	14.995	5	9.6	14.995	0.5	1.57	0	0	1	0.1	0.1	0	1	0.5	0.5	60	70	20	70	120	35.5	17.5	0	0	0.0001	10	100	1	20	20	20	20	20	5	3	30	0.0004	5	5	1	0	3	1	2	0	3	1	220	10	1	1.1	200	0.7	0.01	0.01	1	0.5	1.35	0.0132	0.025	0.65	0	70	1	1	1	0.25	2	6	10	5.5	5	15	0.5	1	4	1	33	3	6	1	2.5	200	300	800	0.01
PLATOON_INFO_GREEK_MELEE_1	3	1.5	15	7	0.2	10	5	6	10	0.5	1.57	0	0	1	0.55	0.5	0	0	0.5	0.5	15	30	15	30	22.5	20	0	0	0	0.0001	50	100	1	20	20	20	20	20	5	3	30	0.0004	5	5	1	0	3	1	2	0	3	1	5	10	1	1.1	200	0.7	0.01	0.01	0	1	0.9	0.002	0.013	0	0	40	1	1	1	0.25	2	6	10	5.5	5	15	0.5	1	4	1	33	3	6	1	2.5	200	300	800	0.01
PLATOON_INFO_GREEK_MELEE_2	3	1.5	16	7.555	0.2	10.555	5	6.45	10.555	0.5	1.57	0	0	1	0.6	0.55	0	0	0.5	0.5	15	30	15	30	22.5	19.5	0	0	0	0.0001	50	100	1	20	20	20	20	20	5	3	30	0.0004	5	5	1	0	3	1	2	0	3	1	10	10	1	1.1	200	0.7	0.01	0.01	0	1	0.95	0.0022	0.015	0	0	42	1	1	1	0.25	2	6	10	5.5	5	15	0.5	1	4	1	33	3	6	1	2.5	200	300	800	0.01
PLATOON_INFO_GREEK_MELEE_3	3	1.5	17	8.11	0.2	11.11	5	6.9	11.11	0.5	1.57	0	0	1	0.65	0.6	0	0	0.5	0.5	15	30	15	30	22.5	19	0	0	0	0.0001	50	100	1	20	20	20	20	20	5	3	30	0.0004	5	5	1	0	3	1	2	0	3	1	15	10	1	1.1	200	0.7	0.01	0.01	0	1	1	0.0024	0.018	0	0	44	1	1	1	0.25	2	6	10	5.5	5	15	0.5	1	4	1	33	3	6	1	2.5	200	300	800	0.01
PLATOON_INFO_GREEK_MELEE_4	3	1.5	18	8.665	0.2	11.665	5	7.35	11.665	0.5	1.57	0	0	1	0.7	0.65	0	0	0.5	0.5	15	30	15	30	22.5	18.5	0	0	0	0.0001	50	100	1	20	20	20	20	20	5	3	30	0.0004	5	5	1	0	3	1	2	0	3	1	25	10	1	1.1	200	0.7	0.01	0.01	0	1	1.05	0.0026	0.021	0	0	46	1	1	1	0.25	2	6	10	5.5	5	15	0.5	1	4	1	33	3	6	1	2.5	200	300	800	0.01
PLATOON_INFO_GREEK_MELEE_5	3	1.5	19	9.22	0.2	12.22	5	7.8	12.22	0.5	1.57	0	0	1	0.75	0.7	0	0	0.5	0.5	15	30	15	30	22.5	18	0	0	0	0.0001	50	100	1	20	20	20	20	20	5	3	30	0.0004	5	5	1	0	3	1	2	0	3	1	35	10	1	1.1	200	0.7	0.01	0.01	0	1	1.1	0.0028	0.024	0	0	49	1	1	1	0.25	2	6	10	5.5	5	15	0.5	1	4	1	33	3	6	1	2.5	200	300	800	0.01
PLATOON_INFO_GREEK_MELEE_6	3	1.5	20	9.775	0.2	12.775	5	8.25	12.775	0.5	1.57	0	0	1	0.8	0.75	0	0	0.5	0.5	15	30	15	30	22.5	17.5	0	0	0	0.0001	50	100	1	20	20	20	20	20	5	3	30	0.0004	5	5	1	0	3	1	2	0	3	1	45	10	1	1.1	200	0.7	0.01	0.01	0	1	1.15	0.003	0.027	0	0	52	1	1	1	0.25	2	6	10	5.5	5	15	0.5	1	4	1	33	3	6	1	2.5	200	300	800	0.01
PLATOON_INFO_GREEK_MELEE_7	3	1.5	21	10.33	0.2	13.33	5	8.7	13.33	0.5	1.57	0	0	1	0.85	0.8	0	0	0.5	0.5	15	30	15	30	22.5	17	0	0	0	0.0001	50	100	1	20	20	20	20	20	5	3	30	0.0004	5	5	1	0	3	1	2	0	3	1	60	10	1	1.1	200	0.7	0.01	0.01	0	1	1.2	0.0032	0.03	0	0	55	1	1	1	0.25	2	6	10	5.5	5	15	0.5	1	4	1	33	3	6	1	2.5	200	300	800	0.01
PLATOON_INFO_GREEK_MELEE_8	3	1.5	22	10.885	0.2	13.885	5	9.15	13.885	0.5	1.57	0	0	1	0.9	0.85	0	0	0.5	0.5	15	30	15	30	22.5	16.5	0	0	0	0.0001	50	100	1	20	20	20	20	20	5	3	30	0.0004	5	5	1	0	3	1	2	0	3	1	75	10	1	1.1	200	0.7	0.01	0.01	0	1	1.25	0.0042	0.033	0	0	59	1	1	1	0.25	2	6	10	5.5	5	15	0.5	1	4	1	33	3	6	1	2.5	200	300	800	0.01
PLATOON_INFO_GREEK_MELEE_9	3	1.5	23	11.44	0.2	14.44	5	9.6	14.44	0.5	1.57	0	0	1	0.95	0.9	0	0	0.5	0.5	15	30	15	30	22.5	16	0	0	0	0.0001	50	100	1	20	20	20	20	20	5	3	30	0.0004	5	5	1	0	3	1	2	0	3	1	90	10	1	1.1	200	0.7	0.01	0.01	0	1	1.3	0.0052	0.036	0	0	64	1	1	1	0.25	2	6	10	5.5	5	15	0.5	1	4	1	33	3	6	1	2.5	200	300	800	0.01
PLATOON_INFO_GREEK_MELEE_10	3	1.5	24	11.995	0.2	14.995	5	10.05	14.995	0.5	1.57	0	0	1	0.98	0.95	0	0	0.5	0.5	15	30	15	30	22.5	15.5	0	0	0	0.0001	50	100	1	20	20	20	20	20	5	3	30	0.0004	5	5	1	0	3	1	2	0	3	1	105	10	1	1.1	200	0.7	0.01	0.01	0	1	1.35	0.0066	0.04	0	0	70	1	1	1	0.25	2	6	10	5.5	5	15	0.5	1	4	1	33	3	6	1	2.5	200	300	800	0.01
PLATOON_INFO_GREEK_RANGED_1	3	1.5	15	7	0.2	10	5	6	10	0.5	1.57	0	0	1	0.1	0.1	0	1	0.5	0.5	60	70	20	70	80	40	21.5	0	0	0.0001	10	100	1	20	20	20	20	20	5	3	30	0.0004	5	5	1	0	3	1	2	0	3	1	10	10	1	1.1	200	0.7	0.01	0.01	0	0.5	0.9	0.004	0.006	0.35	0	40	1	1	1	0.25	2	6	10	5.5	5	15	0.5	1	4	1	33	3	6	1	2.5	200	300	800	0.01
PLATOON_INFO_GREEK_RANGED_2	3	1.5	16	7.555	0.2	10.555	5	6.45	10.555	0.5	1.57	0	0	1	0.1	0.1	0	1	0.5	0.5	60	70	20	70	100	39.5	21	0	0	0.0001	10	100	1	20	20	20	20	20	5	3	30	0.0004	5	5	1	0	3	1	2	0	3	1	20	10	1	1.1	200	0.7	0.01	0.01	0	0.5	0.95	0.0044	0.008	0.37	0	42	1	1	1	0.25	2	6	10	5.5	5	15	0.5	1	4	1	33	3	6	1	2.5	200	300	800	0.01
PLATOON_INFO_GREEK_RANGED_3	3	1.5	17	8.11	0.2	11.11	5	6.9	11.11	0.5	1.57	0	0	1	0.1	0.1	0	1	0.5	0.5	60	70	20	70	100	39	20.5	0	0	0.0001	10	100	1	20	20	20	20	20	5	3	30	0.0004	5	5	1	0	3	1	2	0	3	1	30	10	1	1.1	200	0.7	0.01	0.01	0	0.5	1	0.0048	0.01	0.39	0	44	1	1	1	0.25	2	6	10	5.5	5	15	0.5	1	4	1	33	3	6	1	2.5	200	300	800	0.01
PLATOON_INFO_GREEK_RANGED_4	3	1.5	18	8.665	0.2	11.665	5	7.35	11.665	0.5	1.57	0	0	1	0.1	0.1	0	1	0.5	0.5	60	70	20	70	100	38.5	20	0	0	0.0001	10	100	1	20	20	20	20	20	5	3	30	0.0004	5	5	1	0	3	1	2	0	3	1	45	10	1	1.1	200	0.7	0.01	0.01	1	0.5	1.05	0.0052	0.012	0.42	0	46	1	1	1	0.25	2	6	10	5.5	5	15	0.5	1	4	1	33	3	6	1	2.5	200	300	800	0.01
PLATOON_INFO_GREEK_RANGED_5	3	1.5	19	9.22	0.2	12.22	5	7.8	12.22	0.5	1.57	0	0	1	0.1	0.1	0	1	0.5	0.5	60	70	20	70	100	38	19.5	0	0	0.0001	10	100	1	20	20	20	20	20	5	3	30	0.0004	5	5	1	0	3	1	2	0	3	1	60	10	1	1.1	200	0.7	0.01	0.01	1	0.5	1.1	0.0056	0.014	0.45	0	49	1	1	1	0.25	2	6	10	5.5	5	15	0.5	1	4	1	33	3	6	1	2.5	200	300	800	0.01
PLATOON_INFO_GREEK_RANGED_6	3	1.5	20	9.775	0.2	12.775	5	8.25	12.775	0.5	1.57	0	0	1	0.1	0.1	0	1	0.5	0.5	60	70	20	70	100	37.5	19	0	0	0.0001	10	100	1	20	20	20	20	20	5	3	30	0.0004	5	5	1	0	3	1	2	0	3	1	80	10	1	1.1	200	0.7	0.01	0.01	1	0.5	1.15	0.006	0.016	0.48	0	52	1	1	1	0.25	2	6	10	5.5	5	15	0.5	1	4	1	33	3	6	1	2.5	200	300	800	0.01
PLATOON_INFO_GREEK_RANGED_7	3	1.5	21	10.33	0.2	13.33	5	8.7	13.33	0.5	1.57	0	0	1	0.1	0.1	0	1	0.5	0.5	60	70	20	70	100	37	18.5	0	0	0.0001	10	100	1	20	20	20	20	20	5	3	30	0.0004	5	5	1	0	3	1	2	0	3	1	100	10	1	1.1	200	0.7	0.01	0.01	1	0.5	1.2	0.0064	0.018	0.51	0	55	1	1	1	0.25	2	6	10	5.5	5	15	0.5	1	4	1	33	3	6	1	2.5	200	300	800	0.01
PLATOON_INFO_GREEK_RANGED_8	3	1.5	22	10.885	0.2	13.885	5	9.15	13.885	0.5	1.57	0	0	1	0.1	0.1	0	1	0.5	0.5	60	70	20	70	100	36.5	18	0	0	0.0001	10	100	1	20	20	20	20	20	5	3	30	0.0004	5	5	1	0	3	1	2	0	3	1	130	10	1	1.1	200	0.7	0.01	0.01	1	0.5	1.25	0.0084	0.02	0.54	0	59	1	1	1	0.25	2	6	10	5.5	5	15	0.5	1	4	1	33	3	6	1	2.5	200	300	800	0.01
PLATOON_INFO_GREEK_RANGED_9	3	1.5	23	11.44	0.2	14.44	5	9.6	14.44	0.5	1.57	0	0	1	0.1	0.1	0	1	0.5	0.5	60	70	20	70	100	36	17.5	0	0	0.0001	10	100	1	20	20	20	20	20	5	3	30	0.0004	5	5	1	0	3	1	2	0	3	1	170	10	1	1.1	200	0.7	0.01	0.01	1	0.5	1.3	0.0104	0.022	0.58	0	64	1	1	1	0.25	2	6	10	5.5	5	15	0.5	1	4	1	33	3	6	1	2.5	200	300	800	0.01
PLATOON_INFO_GREEK_RANGED_10	3	1.5	24	11.995	0.2	14.995	5	10.05	14.995	0.5	1.57	0	0	1	0.1	0.1	0	1	0.5	0.5	60	70	20	70	120	35.5	17	0	0	0.0001	10	100	1	20	20	20	20	20	5	3	30	0.0004	5	5	1	0	3	1	2	0	3	1	220	10	1	1.1	200	0.7	0.01	0.01	1	0.5	1.35	0.0132	0.025	0.65	0	70	1	1	1	0.25	2	6	10	5.5	5	15	0.5	1	4	1	33	3	6	1	2.5	200	300	800	0.01
PLATOON_INFO_NORSE_MELEE_1	3	1.5	15	7	0.2	10	5	5.55	10	0.5	1.57	0	0	1	0.5	0.5	0	0	0.5	0.5	15	30	15	30	22.5	20	0	0	0	0.0001	50	100	1	20	20	20	20	20	5	3	30	0.0004	5	5	1	0	3	1	2	0	3	1	5	10	1	1.1	200	0.7	0.01	0.01	0	1	0.9	0.002	0.013	0	0	40	1	1	1	0.25	2	6	10	5.5	5	15	0.5	1	4	1	33	3	6	1	2.5	200	300	800	0.01
PLATOON_INFO_NORSE_MELEE_2	3	1.5	16	7.555	0.2	10.555	5	6	10.555	0.5	1.57	0	0	1	0.55	0.55	0	0	0.5	0.5	15	30	15	30	22.5	19.5	0	0	0	0.0001	50	100	1	20	20	20	20	20	5	3	30	0.0004	5	5	1	0	3	1	2	0	3	1	10	10	1	1.1	200	0.7	0.01	0.01	0	1	0.95	0.0022	0.015	0	0	42	1	1	1	0.25	2	6	10	5.5	5	15	0.5	1	4	1	33	3	6	1	2.5	200	300	800	0.01
PLATOON_INFO_NORSE_MELEE_3	3	1.5	17	8.11	0.2	11.11	5	6.45	11.11	0.5	1.57	0	0	1	0.6	0.6	0	0	0.5	0.5	15	30	15	30	22.5	19	0	0	0	0.0001	50	100	1	20	20	20	20	20	5	3	30	0.0004	5	5	1	0	3	1	2	0	3	1	15	10	1	1.1	200	0.7	0.01	0.01	0	1	1	0.0024	0.018	0	0	44	1	1	1	0.25	2	6	10	5.5	5	15	0.5	1	4	1	33	3	6	1	2.5	200	300	800	0.01
PLATOON_INFO_NORSE_MELEE_4	3	1.5	18	8.665	0.2	11.665	5	6.9	11.665	0.5	1.57	0	0	1	0.65	0.65	0	0	0.5	0.5	15	30	15	30	22.5	18.5	0	0	0	0.0001	50	100	1	20	20	20	20	20	5	3	30	0.0004	5	5	1	0	3	1	2	0	3	1	25	10	1	1.1	200	0.7	0.01	0.01	0	1	1.05	0.0026	0.021	0	0	46	1	1	1	0.25	2	6	10	5.5	5	15	0.5	1	4	1	33	3	6	1	2.5	200	300	800	0.01
PLATOON_INFO_NORSE_MELEE_5	3	1.5	19	9.22	0.2	12.22	5	7.35	12.22	0.5	1.57	0	0	1	0.7	0.7	0	0	0.5	0.5	15	30	15	30	22.5	18	0	0	0	0.0001	50	100	1	20	20	20	20	20	5	3	30	0.0004	5	5	1	0	3	1	2	0	3	1	35	10	1	1.1	200	0.7	0.01	0.01	0	1	1.1	0.0028	0.024	0	0	49	1	1	1	0.25	2	6	10	5.5	5	15	0.5	1	4	1	33	3	6	1	2.5	200	300	800	0.01
PLATOON_INFO_NORSE_MELEE_6	3	1.5	20	9.775	0.2	12.775	5	7.8	12.775	0.5	1.57	0	0	1	0.75	0.75	0	0	0.5	0.5	15	30	15	30	22.5	17.5	0	0	0	0.0001	50	100	1	20	20	20	20	20	5	3	30	0.0004	5	5	1	0	3	1	2	0	3	1	45	10	1	1.1	200	0.7	0.01	0.01	0	1	1.15	0.003	0.027	0	0	52	1	1	1	0.25	2	6	10	5.5	5	15	0.5	1	4	1	33	3	6	1	2.5	200	300	800	0.01
PLATOON_INFO_NORSE_MELEE_7	3	1.5	21	10.33	0.2	13.33	5	8.25	13.33	0.5	1.57	0	0	1	0.8	0.8	0	0	0.5	0.5	15	30	15	30	22.5	17	0	0	0	0.0001	50	100	1	20	20	20	20	20	5	3	30	0.0004	5	5	1	0	3	1	2	0	3	1	60	10	1	1.1	200	0.7	0.01	0.01	0	1	1.2	0.0032	0.03	0	0	55	1	1	1	0.25	2	6	10	5.5	5	15	0.5	1	4	1	33	3	6	1	2.5	200	300	800	0.01
PLATOON_INFO_NORSE_MELEE_8	3	1.5	22	10.885	0.2	13.885	5	8.7	13.885	0.5	1.57	0	0	1	0.85	0.85	0	0	0.5	0.5	15	30	15	30	22.5	16.5	0	0	0	0.0001	50	100	1	20	20	20	20	20	5	3	30	0.0004	5	5	1	0	3	1	2	0	3	1	75	10	1	1.1	200	0.7	0.01	0.01	0	1	1.25	0.0042	0.033	0	0	59	1	1	1	0.25	2	6	10	5.5	5	15	0.5	1	4	1	33	3	6	1	2.5	200	300	800	0.01
PLATOON_INFO_NORSE_MELEE_9	3	1.5	23	11.44	0.2	14.44	5	9.15	14.44	0.5	1.57	0	0	1	0.9	0.9	0	0	0.5	0.5	15	30	15	30	22.5	16	0	0	0	0.0001	50	100	1	20	20	20	20	20	5	3	30	0.0004	5	5	1	0	3	1	2	0	3	1	90	10	1	1.1	200	0.7	0.01	0.01	0	1	1.3	0.0052	0.036	0	0	64	1	1	1	0.25	2	6	10	5.5	5	15	0.5	1	4	1	33	3	6	1	2.5	200	300	800	0.01
PLATOON_INFO_NORSE_MELEE_10	3	1.5	24	11.995	0.2	14.995	5	9.6	14.995	0.5	1.57	0	0	1	0.95	0.95	0	0	0.5	0.5	15	30	15	30	22.5	15.5	0	0	0	0.0001	50	100	1	20	20	20	20	20	5	3	30	0.0004	5	5	1	0	3	1	2	0	3	1	105	10	1	1.1	200	0.7	0.01	0.01	0	1	1.35	0.0066	0.04	0	0	70	1	1	1	0.25	2	6	10	5.5	5	15	0.5	1	4	1	33	3	6	1	2.5	200	300	800	0.01
PLATOON_INFO_NORSE_RANGED_1	3	1.5	15	7	0.2	10	5	5.55	10	0.5	1.57	0	0	1	0.1	0.1	0	1	0.5	0.5	60	70	20	70	80	40	22	0	0	0.0001	10	100	1	20	20	20	20	20	5	3	30	0.0004	5	5	1	0	3	1	2	0	3	1	10	10	1	1.1	200	0.7	0.01	0.01	0	0.5	0.9	0.004	0.006	0.35	0	40	1	1	1	0.25	2	6	10	5.5	5	15	0.5	1	4	1	33	3	6	1	2.5	200	300	800	0.01
PLATOON_INFO_NORSE_RANGED_2	3	1.5	16	7.555	0.2	10.555	5	6	10.555	0.5	1.57	0	0	1	0.1	0.1	0	1	0.5	0.5	60	70	20	70	100	39.5	21.5	0	0	0.0001	10	100	1	20	20	20	20	20	5	3	30	0.0004	5	5	1	0	3	1	2	0	3	1	20	10	1	1.1	200	0.7	0.01	0.01	0	0.5	0.95	0.0044	0.008	0.37	0	42	1	1	1	0.25	2	6	10	5.5	5	15	0.5	1	4	1	33	3	6	1	2.5	200	300	800	0.01
PLATOON_INFO_NORSE_RANGED_3	3	1.5	17	8.11	0.2	11.11	5	6.45	11.11	0.5	1.57	0	0	1	0.1	0.1	0	1	0.5	0.5	60	70	20	70	100	39	21	0	0	0.0001	10	100	1	20	20	20	20	20	5	3	30	0.0004	5	5	1	0	3	1	2	0	3	1	30	10	1	1.1	200	0.7	0.01	0.01	0	0.5	1	0.0048	0.01	0.39	0	44	1	1	1	0.25	2	6	10	5.5	5	15	0.5	1	4	1	33	3	6	1	2.5	200	300	800	0.01
PLATOON_INFO_NORSE_RANGED_4	3	1.5	18	8.665	0.2	11.665	5	6.9	11.665	0.5	1.57	0	0	1	0.1	0.1	0	1	0.5	0.5	60	70	20	70	100	38.5	20.5	0	0	0.0001	10	100	1	20	20	20	20	20	5	3	30	0.0004	5	5	1	0	3	1	2	0	3	1	45	10	1	1.1	200	0.7	0.01	0.01	1	0.5	1.05	0.0052	0.012	0.42	0	46	1	1	1	0.25	2	6	10	5.5	5	15	0.5	1	4	1	33	3	6	1	2.5	200	300	800	0.01
PLATOON_INFO_NORSE_RANGED_5	3	1.5	19	9.22	0.2	12.22	5	7.35	12.22	0.5	1.57	0	0	1	0.1	0.1	0	1	0.5	0.5	60	70	20	70	100	38	20	0	0	0.0001	10	100	1	20	20	20	20	20	5	3	30	0.0004	5	5	1	0	3	1	2	0	3	1	60	10	1	1.1	200	0.7	0.01	0.01	1	0.5	1.1	0.0056	0.014	0.45	0	49	1	1	1	0.25	2	6	10	5.5	5	15	0.5	1	4	1	33	3	6	1	2.5	200	300	800	0.01
PLATOON_INFO_NORSE_RANGED_6	3	1.5	20	9.775	0.2	12.775	5	7.8	12.775	0.5	1.57	0	0	1	0.1	0.1	0	1	0.5	0.5	60	70	20	70	100	37.5	19.5	0	0	0.0001	10	100	1	20	20	20	20	20	5	3	30	0.0004	5	5	1	0	3	1	2	0	3	1	80	10	1	1.1	200	0.7	0.01	0.01	1	0.5	1.15	0.006	0.016	0.48	0	52	1	1	1	0.25	2	6	10	5.5	5	15	0.5	1	4	1	33	3	6	1	2.5	200	300	800	0.01
PLATOON_INFO_NORSE_RANGED_7	3	1.5	21	10.33	0.2	13.33	5	8.25	13.33	0.5	1.57	0	0	1	0.1	0.1	0	1	0.5	0.5	60	70	20	70	100	37	19	0	0	0.0001	10	100	1	20	20	20	20	20	5	3	30	0.0004	5	5	1	0	3	1	2	0	3	1	100	10	1	1.1	200	0.7	0.01	0.01	1	0.5	1.2	0.0064	0.018	0.51	0	55	1	1	1	0.25	2	6	10	5.5	5	15	0.5	1	4	1	33	3	6	1	2.5	200	300	800	0.01
PLATOON_INFO_NORSE_RANGED_8	3	1.5	22	10.885	0.2	13.885	5	8.7	13.885	0.5	1.57	0	0	1	0.1	0.1	0	1	0.5	0.5	60	70	20	70	100	36.5	18.5	0	0	0.0001	10	100	1	20	20	20	20	20	5	3	30	0.0004	5	5	1	0	3	1	2	0	3	1	130	10	1	1.1	200	0.7	0.01	0.01	1	0.5	1.25	0.0084	0.02	0.54	0	59	1	1	1	0.25	2	6	10	5.5	5	15	0.5	1	4	1	33	3	6	1	2.5	200	300	800	0.01
PLATOON_INFO_NORSE_RANGED_9	3	1.5	23	11.44	0.2	14.44	5	9.15	14.44	0.5	1.57	0	0	1	0.1	0.1	0	1	0.5	0.5	60	70	20	70	100	36	18	0	0	0.0001	10	100	1	20	20	20	20	20	5	3	30	0.0004	5	5	1	0	3	1	2	0	3	1	170	10	1	1.1	200	0.7	0.01	0.01	1	0.5	1.3	0.0104	0.022	0.58	0	64	1	1	1	0.25	2	6	10	5.5	5	15	0.5	1	4	1	33	3	6	1	2.5	200	300	800	0.01
PLATOON_INFO_NORSE_RANGED_10	3	1.5	24	11.995	0.2	14.995	5	9.6	14.995	0.5	1.57	0	0	1	0.1	0.1	0	1	0.5	0.5	60	70	20	70	120	35.5	17.5	0	0	0.0001	10	100	1	20	20	20	20	20	5	3	30	0.0004	5	5	1	0	3	1	2	0	3	1	220	10	1	1.1	200	0.7	0.01	0.01	1	0.5	1.35	0.0132	0.025	0.65	0	70	1	1	1	0.25	2	6	10	5.5	5	15	0.5	1	4	1	33	3	6	1	2.5	200	300	800	0.01
PLATOON_INFO_SKELETON_MELEE	3	1.5	19	9.22	0.2	12.22	5	7.8	12.22	0.5	1.57	0	0	1	0.75	0.7	0	0	0.5	0.5	15	30	15	30	22.5	18	0	0	0	0.0001	50	100	1	20	20	20	20	20	5	3	30	0.0004	5	5	1	0	3	1	2	0	3	1	35	10	1	1.1	200	0.7	0.01	0.01	0	1	1.1	0.0028	0.024	0	0	49	1	1	1	0.25	2	6	10	5.5	5	15	0.5	1	4	1	33	3	6	1	2.5	200	300	800	0.01
PLATOON_INFO_SKELETON_MELEE_1	3	1.5	15	7	0.2	10	5	5.55	10	0.5	1.57	0	0	1	0.5	0.5	0	0	0.5	0.5	15	30	15	30	22.5	20	0	0	0	0.0001	50	100	1	20	20	20	20	20	5	3	30	0.0004	5	5	1	0	3	1	2	0	3	1	5	10	1	1.1	200	0.7	0.01	0.01	0	1	0.9	0.002	0.013	0	0	40	1	1	1	0.25	2	6	10	5.5	5	15	0.5	1	4	1	33	3	6	1	2.5	200	300	800	0.01
PLATOON_INFO_SKELETON_MELEE_2	3	1.5	16	7.555	0.2	10.555	5	6	10.555	0.5	1.57	0	0	1	0.55	0.55	0	0	0.5	0.5	15	30	15	30	22.5	19.5	0	0	0	0.0001	50	100	1	20	20	20	20	20	5	3	30	0.0004	5	5	1	0	3	1	2	0	3	1	10	10	1	1.1	200	0.7	0.01	0.01	0	1	0.95	0.0022	0.015	0	0	42	1	1	1	0.25	2	6	10	5.5	5	15	0.5	1	4	1	33	3	6	1	2.5	200	300	800	0.01
PLATOON_INFO_SKELETON_MELEE_3	3	1.5	17	8.11	0.2	11.11	5	6.45	11.11	0.5	1.57	0	0	1	0.6	0.6	0	0	0.5	0.5	15	30	15	30	22.5	19	0	0	0	0.0001	50	100	1	20	20	20	20	20	5	3	30	0.0004	5	5	1	0	3	1	2	0	3	1	15	10	1	1.1	200	0.7	0.01	0.01	0	1	1	0.0024	0.018	0	0	44	1	1	1	0.25	2	6	10	5.5	5	15	0.5	1	4	1	33	3	6	1	2.5	200	300	800	0.01
PLATOON_INFO_SKELETON_MELEE_4	3	1.5	18	8.665	0.2	11.665	5	6.9	11.665	0.5	1.57	0	0	1	0.65	0.65	0	0	0.5	0.5	15	30	15	30	22.5	18.5	0	0	0	0.0001	50	100	1	20	20	20	20	20	5	3	30	0.0004	5	5	1	0	3	1	2	0	3	1	25	10	1	1.1	200	0.7	0.01	0.01	0	1	1.05	0.0026	0.021	0	0	46	1	1	1	0.25	2	6	10	5.5	5	15	0.5	1	4	1	33	3	6	1	2.5	200	300	800	0.01
PLATOON_INFO_SKELETON_MELEE_5	3	1.5	19	9.22	0.2	12.22	5	7.35	12.22	0.5	1.57	0	0	1	0.7	0.7	0	0	0.5	0.5	15	30	15	30	22.5	18	0	0	0	0.0001	50	100	1	20	20	20	20	20	5	3	30	0.0004	5	5	1	0	3	1	2	0	3	1	35	10	1	1.1	200	0.7	0.01	0.01	0	1	1.1	0.0028	0.024	0	0	49	1	1	1	0.25	2	6	10	5.5	5	15	0.5	1	4	1	33	3	6	1	2.5	200	300	800	0.01
PLATOON_INFO_SKELETON_MELEE_6	3	1.5	20	9.775	0.2	12.775	5	7.8	12.775	0.5	1.57	0	0	1	0.75	0.75	0	0	0.5	0.5	15	30	15	30	22.5	17.5	0	0	0	0.0001	50	100	1	20	20	20	20	20	5	3	30	0.0004	5	5	1	0	3	1	2	0	3	1	45	10	1	1.1	200	0.7	0.01	0.01	0	1	1.15	0.003	0.027	0	0	52	1	1	1	0.25	2	6	10	5.5	5	15	0.5	1	4	1	33	3	6	1	2.5	200	300	800	0.01
PLATOON_INFO_SKELETON_MELEE_7	3	1.5	21	10.33	0.2	13.33	5	8.25	13.33	0.5	1.57	0	0	1	0.8	0.8	0	0	0.5	0.5	15	30	15	30	22.5	17	0	0	0	0.0001	50	100	1	20	20	20	20	20	5	3	30	0.0004	5	5	1	0	3	1	2	0	3	1	60	10	1	1.1	200	0.7	0.01	0.01	0	1	1.2	0.0032	0.03	0	0	55	1	1	1	0.25	2	6	10	5.5	5	15	0.5	1	4	1	33	3	6	1	2.5	200	300	800	0.01
PLATOON_INFO_SKELETON_MELEE_8	3	1.5	22	10.885	0.2	13.885	5	8.7	13.885	0.5	1.57	0	0	1	0.85	0.85	0	0	0.5	0.5	15	30	15	30	22.5	16.5	0	0	0	0.0001	50	100	1	20	20	20	20	20	5	3	30	0.0004	5	5	1	0	3	1	2	0	3	1	75	10	1	1.1	200	0.7	0.01	0.01	0	1	1.25	0.0042	0.033	0	0	59	1	1	1	0.25	2	6	10	5.5	5	15	0.5	1	4	1	33	3	6	1	2.5	200	300	800	0.01
PLATOON_INFO_SKELETON_MELEE_9	3	1.5	23	11.44	0.2	14.44	5	9.15	14.44	0.5	1.57	0	0	1	0.9	0.9	0	0	0.5	0.5	15	30	15	30	22.5	16	0	0	0	0.0001	50	100	1	20	20	20	20	20	5	3	30	0.0004	5	5	1	0	3	1	2	0	3	1	90	10	1	1.1	200	0.7	0.01	0.01	0	1	1.3	0.0052	0.036	0	0	64	1	1	1	0.25	2	6	10	5.5	5	15	0.5	1	4	1	33	3	6	1	2.5	200	300	800	0.01
PLATOON_INFO_SKELETON_MELEE_10	3	1.5	24	11.995	0.2	14.995	5	9.6	14.995	0.5	1.57	0	0	1	0.95	0.95	0	0	0.5	0.5	15	30	15	30	22.5	15.5	0	0	0	0.0001	50	100	1	20	20	20	20	20	5	3	30	0.0004	5	5	1	0	3	1	2	0	3	1	105	10	1	1.1	200	0.7	0.01	0.01	0	1	1.35	0.0066	0.04	0	0	70	1	1	1	0.25	2	6	10	5.5	5	15	0.5	1	4	1	33	3	6	1	2.5	200	300	800	0.01
PLATOON_INFO_MARAUDER	3	1.5	15	11	0.2	12	5	7	10	1	0	30	1	0	0.5	0.5	0	0	0.5	0.5	15	30	15	30	22.5	20	0	0	0	0.0001	50	100	0	20	20	20	20	20	5	25	30	0.005	5	5	0	0	3	1	2	0	3	0	1	10	1	1.1	200	0.7	0.01	0.01	0	1	1	0.0066	0.0264	0	0	80	1	1	1	0.25	2	6	10	5.5	5	15	0.5	1	4	1	33	3	6	1	2.5	200	300	400	0.01
PLATOON_INFO_SEVEN_SAMURAI	3	1.5	15	11	0.2	12	5	9	12	0.5	1.57	0	0	1	10	12	0	0	0.5	0.5	15	30	15	30	22.5	10	0	0	0	0.0001	50	100	1	20	20	20	20	20	5	25	30	0.005	5	5	0	0	3	1	2	0	3	1	1	10	1	1.1	200	0.7	0.01	0.01	0	1	1	0.0056	0.03	0	0	80	1	1	1	0.25	2	6	10	5.5	5	15	0.5	1	4	1	33	3	6	1	2.5	200	300	400	0.01
PLATOON_INFO_MONKS	3	1.5	15	11	0.2	12	5	7	10	0.5	1.57	0	0	1	0.5	0.5	0	0	0.5	0.5	15	30	15	30	22.5	20	0	0	0	0.0001	50	100	1	20	20	20	20	20	5	25	30	0.005	5	5	0	0	3	1	2	0	3	1	1	10	1	1.1	200	0.7	0.01	0.01	0	1	1	0.0066	0.0264	0	0	30	1	1	1	0.25	2	6	10	5.5	5	15	0.5	1	4	1	33	3	6	1	2.5	200	300	400	0.01
PLATOON_INFO_AZTEC_MELEE_CINEMA	3	1.5	15	6	0.2	10	5	5	10	1	1.57	30	2	2	0.4	0.4	0	0	0.5	0.5	15	30	15	30	22.5	22	0	0	0	0.0001	50	100	1	20	20	20	20	20	5	25	30	0.005	5	5	0	0	3	1	2	0	3	0	10	10	1	1.1	200	0.7	0.01	0.01	0	1	0.9	0.0066	0.0264	0	1	40	1	1	1	0.25	2	6	10	5.5	5	15	0.5	1	4	1	33	3	6	1	2.5	200	300	400	0.01
PLATOON_INFO_AZTEC_RANGED_CINEMA	3	1.5	15	6	0.2	10	5	5	10	1	0	30	2	2	0.1	0.1	0	0.4	0.5	0.5	60	70	20	70	80	25	25	0	0	0.0001	50	100	1	20	20	20	20	20	5	25	30	0.005	5	5	0	0	3	1	2	0	3	0	10	10	1	1.1	200	0.7	0.01	0.01	0	0.5	0.9	0.0132	0.0132	0.5	1	40	1	1	1	0.25	2	6	10	5.5	5	15	0.5	1	4	1	33	3	6	1	2.5	200	300	400	0.01
PLATOON_INFO_JAPANESE_RANGED_REINFORCEMENTS_5	3	1.5	16	6.555	0.2	10.555	5	5.555	10.555	0.5	1.57	0	0	1	0.1	0.1	0	1	0.5	0.5	60	70	20	70	100	24.5	24.5	0	0	0.0001	10	100	1	20	20	20	20	20	5	3	30	0.0004	5	5	0	0	3	1	2	0	3	1	60	10	1	1.1	200	0.7	0.01	0.01	1	0.5	0.95	0.0056	0.014	0.45	0	52	1	1	1	0.25	2	6	10	5.5	5	15	0.5	1	4	1	33	3	6	1	2.5	200	300	400	0.01
PLATOON_INFO_JAPANESE_MELEE_REINFORCEMENTS_5	3	1.5	17	7.11	0.2	11.11	5	6.11	11.11	0.5	1.57	0	0	1	0.7	0.7	0	0	0.5	0.5	15	30	15	30	22.5	24	0	0	0	0.0001	50	100	1	20	20	20	20	20	5	3	30	0.0004	5	5	0	0	3	1	2	0	3	1	35	10	1	1.1	200	0.7	0.01	0.01	0	1	1	0.0058	0.024	0	0	62	1	1	1	0.25	2	6	10	5.5	5	15	0.5	1	4	1	33	3	6	1	2.5	200	300	400	0.01
PLATOON_INFO_NORSE_MELEE_REINFORCEMENTS_5	3	1.5	18	7.665	0.2	11.665	5	6.665	11.665	0.5	1.57	0	0	1	0.7	0.7	0	0	0.5	0.5	15	30	15	30	22.5	23.5	0	0	0	0.0001	50	100	1	20	20	20	20	20	5	3	30	0.0004	5	5	0	0	3	1	2	0	3	1	35	10	1	1.1	200	0.7	0.01	0.01	0	1	1.05	0.006	0.024	0	0	62	1	1	1	0.25	2	6	10	5.5	5	15	0.5	1	4	1	33	3	6	1	2.5	200	300	400	0.01
PLATOON_INFO_SEVEN_SAMURAI_REINFORCEMENTS	3	1.5	15	11	0.2	12	5	7	10	0.5	1.57	0	0	1	10	12	0	0	0.5	0.5	15	30	15	30	22.5	20	0	0	0	0.0001	50	100	1	20	20	20	20	20	5	25	30	0.005	5	5	0	0	3	1	2	0	3	1	1	10	1	1.1	200	0.7	0.01	0.01	0	1	1	0.0056	0.03	0	0	80	1	1	1	0.25	2	6	10	5.5	5	15	0.5	1	4	1	33	3	6	1	2.5	200	300	400	0.01
PLATOON_INFO_MONKS_REINFORCEMENTS	3	1.5	15	11	0.2	12	5	7	10	0.5	1.57	0	0	1	0.5	0.5	0	0	0.5	0.5	15	30	15	30	22.5	20	0	0	0	0.0001	50	100	1	20	20	20	20	20	5	25	30	0.005	5	5	0	0	3	1	2	0	3	1	1	10	1	1.1	200	0.7	0.01	0.01	0	1	1	0.0066	0.0264	0	0	80	1	1	1	0.25	2	6	10	5.5	5	15	0.5	1	4	1	33	3	6	1	2.5	200	300	400	0.01

//Fighter
NONE	0.1	0.1	0.1	0.1
STICK	1	0.5	0.5	0.25
SHORTSWORD	2	1	0.75	0.5
LONGSWORD	3	2	1	0.75
KATANA	4	3	1.5	1
WEAKARROW	3	2	1	0.75
STRONGARROW	4	3	1.5	1

//Army
ARMY	0.45	0.75	0.1	0.4	0	0.1	0.9	10	20	15	0.05	0.1	0.5	10	3	5	5	75	50	150	1	0.02	100	0	0	600	120	20	10	0.2	0.2	5	5	1	2	50	1.5	20	10	700	1	8	15	8	0.25	700	0.5	4

//ArmyBubble
ARMY	100	1200	1500

//Siege
CATAPULT_LEVEL_1	6.00	0.75	10	30	190	160	30	7	4	0.8	5	1	0	0.01	100	0.1	0.004	1000    500	10	2
CATAPULT_LEVEL_2	6.25	0.875	10	30	190	160	30	6	4	0.8	5	1	0	0.009	100	0.2	0.0035	1000	500	10	2
CATAPULT_LEVEL_3	6.50	1	10	30	190	160	30	5	4	0.8	5	1	0	0.009	100	0.3	0.003	1000	500	10	2
CATAPULT_LEVEL_4	6.75	1.125	10	30	190	160	30	5	3	0.8	6	1	0	0.008	100	0.4	0.0027	1000	500	10	2
CATAPULT_LEVEL_5	7.00	1.25	10	30	190	160	30	5	3	0.8	6	1	0	0.007	100	0.5	0.024	1000	500	10	2
CATAPULT_LEVEL_6	7.25	1.375	10	30	190	160	30	5	3	0.8	6	1	0	0.006	100	0.6	0.0021	1000	500	10	2
CATAPULT_LEVEL_7	7.50	1.5	10	30	190	160	30	4	3	0.8	8	1	0	0.005	100	0.7	0.0018	1000	500	10	2
CATAPULT_LEVEL_8	7.75	1.625	10	30	190	160	30	4	2.5	0.8	8	1	0	0.003	100	0.8	0.0015	1000	500	10	2
CATAPULT_LEVEL_9	8.00	1.75	10	30	190	160	30	4	2.5	0.9	8	1	0	0.001	100	0.9	0.0012	1000	500	10	2
CATAPULT_LEVEL_10	9.25	1.875	10	30	190	160	30	3	2	0.9	8	1	0	0.0005	100	1	0.001	1000	500	10	2
